37680676;441802794;681887016;
37680676;681887016;441802796;
37680676;441802796;441805488;
37680676;441805488;443809275;
37680676;443809275;443813089;
37680676;443813089;443813090;
37680676;443813090;105978458;
37680676;105978458;441802854;
37680683;441802828;769314426;
37680685;441802954;441802957;
37680685;441802957;441802961;
37680685;441802961;441802977;
37680685;441802977;441802980;
37680687;441803078;441803076;
37680687;441803076;441803009;
37680687;441803009;441803074;
37680687;441803074;441803072;
37680687;441803072;441803070;
37680687;441803070;768226326;
37680687;768226326;441803068;
37680688;547680415;547680416;
37680688;547680416;443809927;
37680688;443809927;441803092;
37680688;441803092;252555690;
37680688;252555690;563340000;
37680688;563340000;441803095;
37680688;441803095;441803097;
37680688;441803097;563340001;
37680688;563340001;441803099;
37680688;441803099;441803101;
37680688;441803101;441803103;
37680688;441803103;441803105;
37680688;441803105;441803013;
37680688;441803013;441803107;
37680688;441803107;441803078;
37680688;441803078;441803110;
37680691;441803282;441803285;
37680691;441803285;441803287;
37680691;441803287;441803289;
37680691;441803289;441803291;
37680691;441803291;163690625;
37680691;163690625;441803105;
37680692;441802794;441803296;
37680692;441803296;441803298;
37680692;441803298;441803107;
37680692;441803107;441803076;
37680692;441803076;441803301;
37680692;441803301;309247589;
37680693;309247589;309243906;
37680693;309243906;441803004;
37680693;441803004;441803316;
37680693;441803316;441803319;
37680693;441803319;441803322;
37680693;441803322;441803324;
37680693;441803324;441803326;
37680694;309239836;564682247;
37680694;564682247;564682246;
37680694;564682246;564682243;
37680694;564682243;564682242;
37680694;564682242;564682239;
37680694;564682239;441803326;
37680694;441803326;441803327;
37680694;441803327;563324312;
37680694;563324312;252555546;
37680694;252555546;441803328;
37680694;441803328;441803068;
37680694;441803068;441803282;
37680694;441803282;441803329;
37680694;441803329;257471295;
37680695;441803328;441803367;
37680695;441803367;441803370;
37680695;441803370;441803372;
37680695;441803372;441803007;
37680695;441803007;441803301;
37680695;441803301;441803375;
37680697;441803375;441803382;
37680697;441803382;441803385;
37680697;441803385;824641449;
37680697;824641449;441803112;
37680698;441803390;441803393;
37680700;441803393;588636395;
37680700;588636395;252555550;
37680700;252555550;252555549;
37680700;252555549;441803401;
37680700;441803401;441803322;
37680700;441803322;441803367;
37680700;441803367;441803070;
37680700;441803070;441803287;
37680700;441803287;441803403;
37680701;441803403;163690643;
37680701;163690643;441803408;
37680702;441803408;163690660;
37680702;163690660;441803329;
37680703;441803097;441803408;
37680703;441803408;441803285;
37680703;441803285;163690612;
37680703;163690612;768226326;
37680704;441803462;441803460;
37680704;441803460;441803458;
37680704;441803458;441803456;
37680704;441803456;441803453;
37680704;441803453;441803451;
37680704;441803451;441803444;
37680704;441803444;441803441;
37680704;441803441;441803439;
37680704;441803439;441803436;
37680704;441803436;441803434;
37680704;441803434;441803431;
37680704;441803431;441803428;
37680704;441803428;441803101;
37680704;441803101;441803289;
37680704;441803289;441803072;
37680704;441803072;441803370;
37680704;441803370;441803319;
37680711;012788882;441803619;
37680712;441803623;769314477;
37680712;769314477;309555798;
37680712;309555798;441803624;
37680712;441803624;441802980;
37681026;441803604;441803607;
37681028;441803604;441813273;
37681028;441813273;441813274;
37681028;441813274;441803333;
37681028;441803333;441813275;
37681028;441813275;441813276;
37681028;441813276;441813252;
37681028;441813252;441803436;
37681028;441803436;441813277;
37681028;441813277;441803018;
37681028;441803018;563326055;
37681028;563326055;563326056;
37681028;563326056;441805507;
37681028;441805507;441805493;
37681028;441805493;441813278;
37681028;441813278;441813279;
37681028;441813279;441813280;
37681028;441813280;441813281;
37681206;441819625;506859190;
37681206;506859190;771439432;
37681206;771439432;524931200;
37681206;524931200;524931193;
37681206;524931193;771439555;
37681207;441819649;181898630;
37681207;181898630;790097579;
37681207;790097579;441819655;
37681207;441819655;441819659;
37681207;441819659;181898626;
37681207;181898626;441819662;
37681207;441819662;181898627;
37681207;181898627;441819665;
37681207;441819665;441819668;
37681207;441819668;181898628;
37681207;181898628;441819670;
37681207;441819670;790097578;
37681207;790097578;441819672;
37681207;441819672;790097577;
37681207;790097577;441819677;
37681207;441819677;441819680;
37681207;441819680;441819682;
37681207;441819682;790097575;
37681207;790097575;181898629;
37681207;181898629;441819685;
37681207;441819685;790097576;
37681207;790097576;441819692;
37681207;441819692;441819695;
37681207;441819695;441819649;
37681208;645706019;441802816;
37681208;441802816;105978448;
37681208;105978448;441819665;
37681209;441819662;105978459;
37681209;105978459;441819719;
37681209;441819719;645706015;
37681212;441803143;441819725;
37681212;441819725;163690633;
37681212;163690633;163754352;
37681212;163754352;441819726;
37681212;441819726;441819727;
37681212;441819727;441819728;
37681212;441819728;441819730;
37681212;441819730;441819731;
37681212;441819731;441819732;
37681212;441819732;441819733;
37681212;441819733;163754383;
37681212;163754383;441819734;
37681212;441819734;441819735;
37681212;44181975;1309236907;
37681212;30923690;1163754829;
37681212;163754829;441819736;
37681212;4418197361219229809;
37681212;219229809;441819737;
37681212;441819737;441819738;
37681212;441819738;309237215;
37681212;309237215;769314495;
37681212;769314495;441819739;
37842089;441803019;443813076;
37842089;443813076;441803439;
37842089;441803439;443800955;
37842089;443800955;768226316;
37842089;768226316;443817484;
37842089;443817484;441803334;
37842090;768226319;768226313;
37842090;768226313;443817971;
37842090;443817971;768226330;
37842090;768226330;547680300;
37842090;547680300;547680294;
37842090;547680294;441803335;
37842090;441803335;443817366;
37842090;443817366;443817389;
37842090;443817389;443800956;
37842090;443800956;441803441;
37842090;441803441;443812931;
37842090;443812931;441803020;
37842090;441803020;563326049;
37842090;563326049;443800961;
37842091;768565998;768566000;
37842092;441803339;443817424;
37842092;443817424;443817435;
37842092;443817435;443800958;
37842092;443800958;441803451;
37842092;441803451;443813070;
37842092;443813070;441803022;
37842093;443800954;602346489;
37842093;602346489;443817589;
37842503;441819695;163710070;
37842503;163710070;163710092;
37842504;441819723;105978475;
37842504;105978475;443803684;
37842504;443803684;771440310;
37842504;771440310;443809273;
37842504;443809273;443803685;
37842504;443803685;771440327;
37842505;443803684;163754357;
37842505;163754357;443803686;
37842505;443803686;163754798;
37842505;163754798;163754844;
37842505;163754844;163754375;
37842505;163754375;443803687;
37842505;443803687;443803680;
37842505;443803680;769314252;
37842506;441819725;163690658;
37842506;163690658;443803688;
37842506;443803688;163690684;
37842506;163690684;443803689;
37842506;443803689;163690621;
37842506;163690621;443803690;
37842506;443803690;443803691;
37842509;441819682;790097573;
37842509;790097573;163690622;
37842509;163690622;771439427;
37842509;771439427;443803762;
37842509;443803762;771440428;
37842509;771440428;443803761;
37843271;443809283;524931211;
37843272;441803114;443817684;
37843272;443817684;443817689;
37843272;443817689;443809274;
37843272;443809274;443809275;
37843272;443809275;443817692;
37843272;443817692;441813278;
37843272;441813278;768565997;
37843272;768565997;768565996;
37843272;768565996;768566004;
37843272;768566004;768565993;
37843272;768565993;443809276;
37843272;443809276;443809290;
37843338;441803017;443809931;
37843338;443809931;441803434;
37843338;441803434;441803474;
37843338;441803474;443817700;
37843338;443817700;441803332;
37843340;441803099;441803496;
37843340;441803496;563339999;
37843340;563339999;563339998;
37843340;563339998;443809933;
37843341;443809933;443809927;
37843935;443813125;441803014;
37843935;441803014;441803298;
37843935;441803298;163754346;
37843936;441803316;441803372;
37843936;441803372;441803074;
37843936;441803074;441803291;
37843936;441803291;441803103;
37843936;441803103;443813125;
37843936;443813125;441803494;
37843936;441803494;441803486;
37843936;441803486;443809931;
37843936;443809931;441813277;
37843936;441813277;443813076;
37843936;443813076;443812931;
37843936;443812931;443813117;
37843936;443813117;443813070;
37843936;443813070;443813100;
37843936;443813100;443813126;
37843936;443813126;443813127;
37843936;443813127;443813128;
37843936;443813128;443813129;
37843940;443813155;441805503;
37843940;441805503;441805513;
37843943;441803344;602335216;
37843943;602335216;441803347;
37843943;441803347;441803458;
37843943;441803458;443813127;
37843943;443813127;441803025;
37843943;441803025;443813209;
37843943;443813209;441805512;
37843944;635406838;441803474;
37843944;441803474;441813252;
37843944;441813252;443800955;
37843944;443800955;443800956;
37843944;443800956;443800957;
37843944;443800957;443800958;
37843944;443800958;443800959;
37843944;443800959;443813084;
37843944;443813084;441803347;
37843944;441803347;441803349;
37843944;441803349;441803356;
37843944;441803356;259665639;
37843944;259665639;443813185;
37843944;443813185;768203712;
37843944;768203712;768203708;
37843945;441803026;443813128;
37843945;443813128;441803460;
37843945;441803460;441803349;
37843946;441803619;105978443;
37843946;105978443;443813090;
37843946;443813090;105978486;
37843946;105978486;443817747;
37843946;443817747;441813280;
37843946;441813280;768565994;
37843946;768565994;768566003;
37843946;768566003;768566000;
37843946;768566000;768565989;
37843946;768565989;108285755;
37843946;108285755;443813224;
37843946;443813224;790095553;
37843946;790095553;790095552;
37843950;441805511;443813234;
37843950;443813234;441803024;
37843950;441803024;443813126;
37843950;443813126;441803456;
37843950;441803456;443813084;
37843950;443813084;443817708;
37843950;443817708;443813000;
37843951;443813166;443813209;
37843951;443813209;443813234;
37843951;443813234;443813102;
37843952;443813155;163690654;
37843952;163690654;257484862;
37843952;257484862;443813226;
37844586;443817769;443817747;
37844586;443817747;443817715;
37844586;443817715;443817692;
37844589;163754317;443817689;
37844589;443817689;443817736;
37844589;443817736;443817788;
37844589;443817788;163754421;
37844589;163754421;443817797;
37844589;443817797;443817801;
37844591;443817801;163754847;
37844591;163754847;443817815;
37844591;443817815;635359422;
37844591;635359422;443817821;
37844591;443817821;163754840;
37844591;163754840;443817831;
37844591;443817831;163754802;
37844591;163754802;443817844;
37844591;443817844;443817737;
37844591;443817737;443817684;
37844591;443817684;163754367;
37844595;443817797;443817891;
37844595;443817891;443817322;
37844596;443817708;443817621;
37844596;443817621;443817435;
37844596;443817435;443817655;
37844596;443817655;443817389;
37844596;443817389;768226316;
37844596;768226316;441813276;
37844596;441813276;443817700;
37844596;443817700;635406837;
37844598;441813275;443817484;
37844598;443817484;443817366;
37844598;443817366;443817656;
37844598;443817656;443817424;
37844598;443817424;443817612;
37844602;163609472;163609297;
37844602;163609297;163609511;
37844602;163609511;163609324;
37844602;163609324;163609435;
37844602;163609435;772873132;
37844602;772873132;772873225;
37844602;772873225;772873166;
37844602;772873166;772873245;
37844602;772873245;772873273;
41442202;506859191;506859190;
51230328;441803592;646529634;
51230328;646529634;646529633;
51230328;646529633;646529632;
51230328;646529632;441803596;
51230328;441803596;926828796;
61596932;441803521;768203723;
61596932;768203723;768203718;
61596933;441803525;768203707;
61596934;768203715;768203705;
61596935;441803358;768203725;
61596936;768203727;340684427;
61596936;340684427;768203704;
61596936;768203704;768203703;
61596939;768203712;441803358;
61596941;443817960;340684446;
61596941;340684446;768203721;
61596941;768203721;441803528;
61596943;768203701;652362094;
61596943;652362094;443817960;
61596945;768203711;768203709;
61596945;768203709;768203716;
61596946;768203719;768203726;
61596946;768203726;768203704;
61596946;768203704;768203702;
61596946;768203702;441803535;
61596947;768203707;768203715;
61596948;768203721;768203707;
61596948;768203707;768203723;
61596948;768203723;768203716;
61596949;768203717;258977010;
61596949;258977010;768203726;
61596949;768203726;768203722;
61596950;441803530;769290295;
61596950;769290295;768203703;
61596950;768203703;768203722;
61596950;768203722;652362086;
61596950;652362086;768203706;
61596951;441803516;443817983;
61596951;443817983;768226332;
61596952;768203710;769290289;
61596952;769290289;907122284;
61596952;907122284;340684423;
61596952;340684423;768203700;
61596952;768203700;258977007;
61596952;258977007;768203719;
61596952;768203719;768203706;
61596952;768203706;652362093;
61596952;652362093;768203701;
61596952;768203701;768203705;
61596952;768203705;768203713;
61596952;768203713;768203711;
61599066;441803600;443817968;
61599067;768226331;443817975;
61599067;443817975;768226317;
61599067;768226317;441803508;
61599070;443813226;443813108;
61599070;443813108;768566001;
61599070;768566001;768565990;
61599070;768565990;768565999;
61599070;768565999;768566002;
61599070;768566002;441813279;
61599070;441813279;443817715;
61599070;443817715;443813089;
61599070;443813089;443812903;
61599070;443812903;443817736;
61599070;443817736;443817737;
61599070;443817737;441803121;
61599074;441803600;768226314;
61599074;768226314;635359411;
61599074;635359411;635359415;
61599074;635359415;635359418;
61599123;443817708;441803344;
61599124;441803110;441805490;
61599124;441805490;441803112;
61599124;441803112;441803114;
61599124;441803114;163690653;
61599124;163690653;441803119;
61599124;441803119;441803121;
61599124;441803121;441803124;
61599124;441803124;441803126;
61599124;441803126;441802954;
61599124;441802954;441803128;
61599124;441803128;441803130;
61599124;441803130;163690674;
61599124;163690674;441803133;
61599124;441803133;163690616;
61599124;163690616;441803135;
61599124;441803135;441803138;
61599124;441803138;441803141;
61599124;441803141;441803143;
61599125;768226320;768226322;
61599125;768226322;602346510;
61599125;602346510;768226327;
61599126;443817968;340684476;
61599126;340684476;441813273;
61599126;441813273;768226321;
61599126;768226321;443817971;
61599126;443817971;443817975;
61599127;443800961;443813115;
61599127;443813115;768565995;
61599127;768565995;443813102;
61599128;768226311;441803401;
61599129;441803401;441803324;
61599130;441803319;768226311;
61599130;768226311;441803390;
61599130;441803390;441803426;
61599339;163754363;441803296;
61599339;441803296;635405538;
61599339;635405538;441803015;
61599339;441803015;441803494;
61599339;441803494;441803428;
61599339;441803428;441803496;
61599339;441803496;441803092;
61599339;441803092;441803330;
61599339;441803330;524901220;
61599339;524901220;257471298;
61599342;768602926;768602754;
61599342;768602754;768602940;
61599342;768602940;768602928;
61599342;768602928;443803691;
61599342;443803691;768226325;
61599342;768226325;768226318;
61599342;768226318;768226312;
61599342;768226312;309564272;
61599342;309564272;768226310;
61599342;768226310;768226329;
61599383;441802980;441802984;
61599383;441802984;769314425;
61599383;769314425;769314452;
61599714;768226308;768226321;
61599714;768226321;768226324;
61599714;768226324;768226309;
61599715;443817589;443817983;
61599718;443817589;768226322;
61599718;768226322;768226317;
61599718;768226317;768226313;
61599718;768226313;768226324;
61599718;768226324;441803604;
61650532;768565995;441805509;
61650532;441805509;441805498;
61650532;441805498;768565993;
61650532;768565993;768566001;
61650532;768566001;768565989;
61650533;441805496;768565996;
61650533;768565996;768565999;
61650533;768565999;768566003;
61650534;768565991;768565994;
61650534;768565994;768566002;
61650534;768566002;768565997;
61650534;768565997;441805495;
61650679;441802805;635359420;
61650679;635359420;443817765;
61650679;443817765;105978489;
61650679;105978489;443817769;
61650679;443817769;441813281;
61650679;441813281;768565991;
61650679;768565991;768565992;
61650679;768565992;768572554;
61650679;768572554;441819670;
61650797;768565989;768565992;
61742509;768226329;769314380;
61742509;769314380;105978438;
61742509;105978438;769314384;
61742510;441802828;441819722;
61742510;441819722;769314375;
61742510;769314375;105978492;
61742510;105978492;441819723;
61742510;441819723;163754851;
61742510;163754851;105978431;
61742510;105978431;105978483;
61742510;105978483;771439555;
61742510;771439555;163701458;
61742510;163701458;441819724;
61742510;441819724;441819655;
61749242;443813102;441805510;
61749242;441805510;443800960;
61749242;443800960;443809276;
61749242;443809276;443813108;
61749242;443813108;108285755;
61749242;108285755;441819672;
61756254;443817589;443817603;
61756254;443817603;441803340;
61756254;441803340;773935582;
61756254;773935582;443817612;
61756254;443817612;443817621;
61756254;443817621;443800959;
61756254;443800959;441803453;
61756254;441803453;443813100;
61756254;443813100;441803023;
61756254;441803023;443813102;
61756255;768203713;768203718;
61900269;771439553;443808161;
61900269;443808161;771439566;
61900269;771439566;163690645;
61900269;163690645;790097572;
61900269;790097572;441819685;
61988542;441803607;768226309;
61988542;768226309;768226319;
61988542;768226319;441803508;
61988542;441803508;768226327;
61988542;768226327;443800954;
61988542;443800954;441803516;
61988542;441803516;772873249;
61988542;772873249;441803521;
61988542;441803521;441803525;
61988542;441803525;441803528;
61988549;772873249;772873290;
61988549;772873290;340684451;
61988549;340684451;340684452;
61988549;340684452;340684453;
61988573;772873292;772873139;
62049166;441813274;768226308;
62049166;768226308;893326744;
62049166;893326744;768226330;
62049166;768226330;768226331;
62049166;768226331;768226320;
62049166;768226320;602346501;
62049166;602346501;443817603;
62049166;443817603;768226332;
62049166;768226332;768203709;
62049166;768203709;768203718;
62049166;768203718;768203715;
62049166;768203715;443817960;
75666942;893326744;635371328;
75666942;635371328;635371326;
75666942;635371326;893326746;
75672378;771440401;441805521;
75672378;441805521;441805522;
75672378;441805522;441805523;
75672378;441805523;090279428;
75672378;090279428;441805505;
77040779;907146404;907146393;
77607334;913123040;441803004;
77607334;441803004;441803007;
77607334;441803007;441803009;
77607334;441803009;441803013;
77607334;441803013;441803014;
77607334;441803014;441803015;
77607334;441803015;441803016;
77607334;441803016;441803017;
77607334;441803017;563326057;
77607334;563326057;441803018;
77607334;441803018;772873213;
77607334;772873213;441803019;
77607334;441803019;441803020;
77607334;441803020;441803021;
77607334;441803021;441803022;
77607334;441803022;441803023;
77607334;441803023;441803024;
77607334;441803024;441803025;
77607334;441803025;441803026;
77607334;441803026;441803027;
77607334;441803027;768203725;
77607334;768203725;441803029;
77607334;441803029;706684632;
77607334;706684632;257479092;
77607334;257479092;441803031;
77607334;441803031;602335210;
79292944;768203711;602335212;
79292944;602335212;926017876;
79292944;926017876;502290200;
79292944;502290200;645705807;
79292944;645705807;926017891;
79292944;926017891;926017890;
79292944;926017890;441803344;
79385475;926828796;926828793;
79385475;926828793;772873215;
79385475;772873215;772873236;
79385475;772873236;441803600;
79385475;441803600;441803604;
100653163;772873273;635381596;
100653163;635381596;635381594;
100653163;635381594;163609518;
100653180;524892971;772873296;
100660024;441805505;163690659;
100660024;163690659;163690686;
100660024;163690686;163690667;
100660027;441805523;163690632;
100660027;163690632;163690614;
100660027;163690614;163690603;
100660027;163690603;163690666;
100660027;163690666;163690648;
100660027;163690648;163690622;
100660027;163690622;163690645;
100660027;163690645;163690656;
100660027;163690656;163690617;
100660027;163690617;163690605;
100660027;163690605;163690671;
100660027;163690671;163690650;
100660027;163690650;163690651;
100660027;163690651;163690623;
100660027;163690623;163690610;
100660027;163690610;163690681;
100660027;163690681;163690641;
100660028;163690609;851243940;
100660033;441803110;163690664;
100660033;163690664;595004603;
100660033;595004603;595004587;
100660033;595004587;163754346;
100660033;163754346;163754363;
100660033;163754363;441802796;
100660033;441802796;441805507;
100660033;441805507;772873247;
100660033;772873247;907146396;
100660033;907146396;441805508;
100660033;441805508;441805509;
100660033;441805509;441805510;
100660033;441805510;441805511;
100660033;441805511;441805512;
100660033;441805512;488354286;
100660033;488354286;090279480;
100660033;090279480;441805513;
100660035;163690654;163690626;
100660035;163690626;790095547;
100660035;790095547;163690602;
100660035;163690602;163690665;
100660035;163690665;163690646;
100660035;163690646;163690618;
100660035;163690618;163690679;
100660035;163690679;163690655;
100660035;163690655;163690631;
100660035;163690631;163690613;
100660035;163690613;163690668;
100660035;163690668;163690648;
100660038;163690667;163690604;
100660038;163690604;441805503;
100660038;441805503;163690657;
100660038;163690657;441805501;
100660038;441805501;441805500;
100660038;441805500;443800960;
100660038;443800960;441805498;
100660038;441805498;441805497;
100660038;441805497;441805496;
100660038;441805496;441805495;
100660038;441805495;441805493;
100660038;441805493;441805488;
100660038;441805488;163754341;
100660038;163754341;163754317;
100660038;163754317;163754367;
100660038;163754367;163690606;
100660038;163690606;441805490;
100660040;163690618;163690644;
100660040;163690644;163690608;
100660899;163696586;163696446;
100660899;163696446;163696416;
100660899;163696416;163696590;
100660899;163696590;163696571;
100660899;163696571;163696423;
100660900;163696454;163696419;
100660900;163696419;163696607;
100660908;163696576;163696456;
100660908;163696456;163696410;
100660908;163696410;163696588;
100660908;163696588;163696464;
100660908;163696464;163696450;
100660908;163696450;163696594;
100660908;163696594;163696580;
100660908;163696580;163696459;
100661160;441819692;163701478;
100661160;163701478;163701474;
100661161;163701471;163701463;
100661161;163701463;163701458;
100661601;163710092;163696576;
100661601;163696576;163701471;
100661601;163701471;163696454;
100661601;163696454;441819625;
100661601;441819625;163696586;
100661601;163696586;506859192;
100661601;506859192;506859151;
100661601;506859151;506859483;
100661601;506859483;443803682;
100661601;443803682;163609608;
100661601;163609608;163609475;
100661601;163609475;443803683;
100661602;163710092;163710068;
100661602;163710068;790097579;
100664354;163754851;443809282;
100664354;443809282;443809283;
100664354;443809283;443809284;
100664354;443809284;771440364;
100664354;771440364;443809273;
109585507;254096898;254096959;
109585507;254096959;254096881;
109585507;254096881;254096930;
109585507;254096930;254096947;
109585507;254096947;254096958;
109585507;254096958;254096892;
109585507;254096892;254096941;
109585507;254096941;254096920;
109585507;254096920;254096955;
109585507;254096955;254096952;
109585507;254096952;254096883;
109585507;254096883;254096868;
109963969;257471295;257471275;
109963969;257471275;524901222;
109963969;524901222;257471285;
109963970;257471292;524901218;
109963970;524901218;257471288;
109963971;257471291;257471298;
109963971;257471298;257471286;
109963971;257471286;257471276;
109963971;257471276;257471289;
109963971;257471289;257471285;
109963971;257471285;257471273;
109963971;257471273;257471277;
109963971;257471277;257471297;
109963971;257471297;257471283;
109963971;257471283;257471282;
109963971;257471282;257471293;
109963971;257471293;257471281;
109963971;257471281;257471288;
109963971;257471288;257471279;
109963971;257471279;257471296;
109963971;257471296;257471291;
109963972;257471286;257471278;
109963972;257471278;257471287;
109963972;257471287;257471295;
109963973;257471291;257471290;
109963973;257471290;524901217;
109963973;524901217;441803331;
109963973;441803331;252555691;
109963973;252555691;547680417;
109963973;547680417;547680415;
109963973;547680415;441803483;
110165743;258977010;258977007;
116004288;309239946;309249775;
116004288;309249775;309227967;
116004288;309227967;309233104;
116004288;309233104;309239090;
116004288;309239090;309232712;
116004288;309232712;309238029;
116004288;309238029;309233099;
116004371;309255297;309230729;
116004377;309256103;309231906;
116004377;309231906;309237340;
116004377;309237340;309253590;
116004377;309253590;309243015;
116004377;309243015;309248656;
116004381;441803143;309246748;
116004381;309246748;309255297;
116004526;254096892;309234072;
116004526;309234072;309239946;
116004526;309239946;309247964;
116004526;309247964;309256103;
116004526;309256103;309256150;
116004526;309256150;309237418;
116004526;309237418;309228921;
116004526;309228921;309246546;
116004526;309246546;309230285;
116004526;309230285;309227923;
116004526;309227923;309229973;
116004526;309229973;309228140;
116004526;309228140;309239651;
116004526;309239651;309255764;
116004526;309255764;309231395;
116004526;309231395;309236924;
116004649;441803393;309247607;
116004651;309235657;588634115;
116004651;588634115;309242211;
116004651;309242211;309250725;
116004655;309243102;309248431;
116004655;309248431;309227895;
116004655;309227895;309236759;
116004655;309236759;309232325;
116004655;309232325;309237613;
116004655;309237613;309253702;
116004655;309253702;588634114;
116004655;588634114;309229354;
116004655;309229354;309235378;
116004655;309235378;588634112;
116004655;588634112;309241225;
116004655;309241225;588634110;
116004655;588634110;309249463;
116004655;309249463;588634111;
116004655;588634111;309227921;
116004655;309227921;588634113;
116004655;588634113;309232945;
116004655;309232945;309238548;
116004655;309238548;309246348;
116004655;309246348;254096898;
116004655;254096898;309229987;
116004655;309229987;309235666;
116004655;309235666;309242367;
116004655;309242367;309250814;
116004655;309250814;309228061;
116004655;309228061;309233324;
116004655;309233324;564682255;
116004655;564682255;309239476;
116004655;309239476;309247172;
116004655;309247172;309255632;
116004655;309255632;309231201;
116004660;309227923;309238695;
116004660;309238695;309246372;
116004660;309246372;309230079;
116004660;309230079;309235846;
116004660;309235846;309242516;
116004660;309242516;309251224;
116004660;309251224;309228085;
116004660;309228085;309233408;
116004660;309233408;309239487;
116004660;309239487;309238695;
116004663;309243015;309252064;
116004663;309252064;309228164;
116004663;309228164;309233728;
116004663;309233728;309239823;
116004663;309239823;309248656;
116004663;309248656;309227957;
116004663;309227957;309233099;
116004679;309243906;441803304;
116004679;441803304;768226315;
116004703;309228237;309227889;
116004703;309227889;309255648;
116004703;309255648;309238353;
116004703;309238353;309245880;
116004703;309245880;309254088;
116004703;309254088;309229903;
116004703;309229903;309235582;
116004724;309256150;309249261;
116004724;309249261;309227915;
116004724;309227915;309232813;
116004724;309232813;309238369;
116004724;309238369;309245926;
116004724;309245926;309254295;
116004724;309254295;309229973;
116041301;309558099;309553523;
116041338;309560912;309555583;
116041518;309564272;309554680;
116041518;309554680;309563467;
116041518;309563467;309554415;
116041518;309554415;309559362;
116041518;309559362;309553792;
116041518;309553792;309561302;
116041518;309561302;309556277;
116041518;309556277;309564244;
116041518;309564244;309559909;
116041518;309559909;309554106;
116041518;309554106;309562459;
116041681;309554415;309563261;
119435495;342091203;342090240;
119435495;342090240;342090770;
119435495;342090770;342089985;
119435495;342089985;342090042;
119435495;342090042;342091167;
119435495;342091167;342089841;
119435495;342089841;342090821;
119435495;342090821;342090974;
119435495;342090974;342090085;
119435495;342090085;342090263;
119435495;342090263;342089864;
119435495;342089864;163690641;
119435614;163690641;342090260;
119435614;342090260;342089849;
119435614;342089849;342090029;
119435614;342090029;645705790;
139129813;524892962;524892964;
139129815;646529635;211502009;
139129815;211502009;772873139;
139129818;772873296;524892962;
139129818;524892962;772873139;
139132382;257471292;441803592;
139132384;257471293;257471292;
139132385;772873292;257471284;
139132385;257471284;257471283;
139132391;257471277;524901221;
139132391;524901221;524901223;
139132391;524901223;772873292;
139132393;441803330;524901219;
139132393;524901219;524901217;
139140308;524931200;524931204;
139140310;524931211;524931212;
139140310;524931212;524931210;
139140310;524931210;524931208;
139140310;524931208;524931211;
139140313;771439432;524931206;
139140313;524931206;524931204;
139140313;524931204;524931202;
139140313;524931202;524931193;
141395143;441803483;029548999;
141395143;029548999;441803332;
141395143;441803332;029548992;
141395143;029548992;029548991;
141395143;029548991;441803333;
141395143;441803333;029548990;
141395143;029548990;441803334;
141395143;441803334;893326746;
141395143;893326746;893326752;
141395143;893326752;441803335;
141395143;441803335;441803337;
141395143;441803337;441803339;
141395143;441803339;163754835;
141395143;163754835;441803340;
141395143;441803340;441803342;
141395143;441803342;443813000;
141395143;443813000;441803344;
142865544;563324312;563324310;
142865544;563324310;563324309;
142865544;563324309;563324306;
142865544;563324306;563324304;
142865544;563324304;563324299;
142865544;563324299;563324298;
142865778;563326056;563326059;
142865778;563326059;681887009;
142865778;681887009;681887011;
142865779;563326055;563326058;
142865779;563326058;681887005;
142865779;681887005;681887012;
142865780;563326057;563326058;
142865780;563326058;563326059;
142865781;563326054;563326049;
146226047;595004599;595004604;
146226047;595004604;595004606;
146226048;595004603;595004599;
146226048;595004599;595004593;
146226048;595004593;595004591;
146226048;595004591;595004587;
146226050;595004606;595004612;
146226050;595004612;595004611;
146226050;595004611;595004609;
146226050;595004609;595004601;
146226050;595004601;595004596;
146226050;595004596;595004593;
147038831;441803358;768203708;
147038831;768203708;257479105;
147038831;257479105;790059249;
147038831;790059249;926785002;
147038831;926785002;443818025;
147038831;443818025;926785001;
147038831;926785001;926784996;
147038831;926784996;926784999;
147038831;926784999;443818031;
147038831;443818031;790059198;
147038831;790059198;602335209;
147038831;602335209;769324716;
147038831;769324716;768203720;
147038831;768203720;090279340;
147038831;090279340;769324680;
147038831;769324680;769324710;
147038831;769324710;769324649;
147038831;769324649;790067683;
147038831;790067683;443818033;
147039511;602346489;602346510;
147039512;602346487;443813212;
150640068;443817968;768226323;
150640529;635378979;645705880;
150640529;645705880;772873302;
150640529;772873302;652362088;
150643142;635405538;635405532;
150643143;635405532;635405529;
150643143;635405529;635405519;
150643143;635405519;635405517;
150643143;635405517;635405530;
150643143;635405530;635405532;
150868534;768602758;768602932;
150868534;768602932;768226329;
150868534;768226329;309558099;
150868534;309558099;309563261;
150868534;309563261;768602748;
150868534;768602748;309560912;
150868534;309560912;309562459;
151728910;163609472;772873294;
151728910;772873294;163609518;
151728910;163609518;524892971;
151728910;524892971;524892964;
151728910;524892964;772873292;
151728935;769314447;090279518;
151728935;090279518;441802934;
151728935;441802934;637358302;
151728935;637358302;637358303;
151728935;637358303;105978457;
151728935;105978457;769314409;
151728935;769314409;105978484;
151728935;105978484;547600964;
151728935;547600964;637358145;
151728935;637358145;105978488;
151728935;105978488;105978470;
151728935;105978470;769314384;
151728935;769314384;105978465;
151728935;105978465;769314252;
151728935;769314252;105978449;
151728935;105978449;769314426;
151728936;769314426;645706060;
151729262;645706022;441802828;
151729262;441802828;645706035;
151729262;645706035;645706060;
151729262;645706060;645706067;
151729262;645706067;441803623;
151729262;441803623;645706074;
151729262;645706074;769314452;
151729262;769314452;645706071;
151729262;645706071;645706064;
151729262;645706064;645706038;
151729262;645706038;441802805;
151729262;441802805;645706025;
151729262;645706025;645706019;
151729262;645706019;645706012;
151729262;645706012;645706015;
151729262;645706015;645706022;
151729268;645706299;645706322;
151729349;441802854;645706033;
151729349;645706033;441802805;
151729356;645706304;645706273;
151729356;645706273;645706307;
151729359;645706064;645706041;
151729359;645706041;441802854;
151729388;163609472;645706443;
151729388;645706443;645706497;
151729388;645706497;645706507;
151729391;645706181;645706196;
151729391;645706196;645706227;
151729391;645706227;645706228;
151729430;645706497;645706503;
151729430;645706503;645706569;
151729430;645706569;645706571;
151729430;645706571;645706577;
151736254;441805512;441805501;
151736254;441805501;650252148;
151736254;650252148;650252149;
151736254;650252149;650252150;
151736254;650252150;650252151;
151736254;650252151;650253210;
151736254;650253210;443813212;
152188739;650252151;650252187;
152188739;650252187;650252240;
152188739;650252240;650252242;
152188739;650252242;650252244;
152188739;650252244;650252246;
152188739;650252246;650252234;
152188739;650252234;650252201;
152188739;650252201;650252199;
152188739;650252199;650252198;
152188739;650252198;650252194;
152188739;650252194;650252188;
152188739;650252188;650252187;
152188740;650252109;650252150;
152188741;650252242;650252194;
152188742;650252244;650252198;
152188743;650252130;650252128;
152188744;650252113;650252111;
152188744;650252111;650252107;
152188745;650252148;650252154;
152188745;650252154;650252156;
152188745;650252156;650252257;
152188746;650252149;650252130;
152188746;650252130;650252113;
152188746;650252113;650252105;
152188747;650252267;650252232;
152188747;650252232;650252225;
152188747;650252225;650252224;
152188747;650252224;650252272;
152420343;768203702;769290295;
152420490;652362092;652362094;
152420491;652362086;652362091;
152420492;652362093;652362092;
152420492;652362092;652362091;
152420492;652362091;652362089;
155831509;681887005;681887006;
155831509;681887006;681887004;
155831509;681887004;681887002;
155831509;681887002;681887000;
155831509;681887000;681886997;
155831509;681886997;681886999;
155831509;681886999;681887001;
155831509;681887001;681887003;
155831509;681887003;681887008;
155831509;681887008;681887009;
155831509;681887009;681887010;
155831510;681887015;681887014;
155831510;681887014;681887013;
155831510;681887013;681887016;
167627970;790059249;790059248;
167627970;790059248;790059245;
167627970;790059245;790059243;
167627970;790059243;790059213;
167627970;790059213;790059196;
167627970;790059196;790059189;
167627970;790059189;790059184;
167627970;790059184;790059191;
167627970;790059191;790059193;
167627970;790059193;790059187;
167627970;790059187;790059182;
167627970;790059182;790059181;
167627972;790059198;790059213;
167627972;790059213;790059228;
167630567;790095552;790095551;
167630567;790095551;790095550;
167630567;790095550;443813226;
167630567;443813226;650252267;
167630567;650252267;443809290;
167630567;443809290;650252272;
167630567;650252272;441805500;
167630896;441819677;790097574;
167630896;790097574;790097571;
241135855;488354286;488354285;
241135855;488354285;488354284;
241135855;488354284;090279480;
281120259;768203725;090279455;
281120259;090279455;706684630;
281120259;706684630;706684606;
281120259;706684606;851243940;
294407809;768566000;768565990;
294407809;768565990;768566004;
294407809;768566004;441805497;
294407809;441805497;441805508;
294407809;441805508;443813115;
294407809;443813115;441803021;
294407809;441803021;443813117;
294407809;443813117;441803444;
294407809;441803444;443800957;
294407809;443800957;443817655;
294407809;443817655;443817656;
294407809;443817656;441803337;
297400619;441803619;443817322;
297400619;443817322;443812903;
297400619;443812903;443809274;
297400619;443809274;163754341;
376021185;441805513;443813166;
376021185;443813166;441803027;
376021185;441803027;443813129;
376021185;443813129;441803462;
376021185;441803462;768203714;
376021185;768203714;259665597;
376021185;259665597;443813185;
376021186;441805513;163690647;
376021186;163690647;163690619;
376021186;163690619;163690609;
406992618;090279428;090279424;
406992618;090279424;090279413;
406992618;090279413;090279404;
406992618;090279404;090279393;
436191732;340684474;340684475;
436191733;340684476;340684475;
436191735;340684444;340684446;
436191738;340684710;340684709;
436191738;340684709;441803403;
436191739;340684448;340684447;
436191739;340684447;768203716;
436191741;340684475;340684478;
436191741;340684478;340684477;
436191741;340684477;340684474;
436191743;340684429;340684431;
436191743;340684431;340684430;
436191743;340684430;340684432;
468436705;629729322;629790760;
468436705;629790760;629729323;
468436705;629729323;629729324;
468436705;629729324;629790762;
468436705;629790762;629729325;
468436705;629729325;629729322;
468436705;629729322;629729326;
468436705;629729326;629729327;
468436705;629729327;629790759;
468436705;629790759;629729328;
468436705;629729328;629729329;
468436705;629729329;629729330;
468436705;629729330;629729331;
468436705;629729331;629729332;
468436705;629729332;629790761;
468436705;629790761;629729333;
468436705;629729333;629729334;
468436705;629729334;629729335;
468436705;629729335;629729326;
468443800;629729334;629729325;
468443801;629729331;629729324;
468443802;629729329;629729323;
468443803;629790759;629790760;
468443804;629790761;629790762;
468443805;629790763;629790764;
468443805;629790764;629790765;
468443805;629790765;629790766;
468443805;629790766;629790767;
468443805;629790767;629790768;
468443805;629790768;629790769;
468443805;629790769;629790770;
468443805;629790770;629790771;
468443805;629790771;629790772;
468443805;629790772;629790763;
468443805;629790763;629790759;
468443806;629790768;629790761;
469533424;638349667;638349670;
469533424;638349670;638349669;
469533424;638349669;638349668;
469533424;638349668;638349667;
469533424;638349667;638349663;
469533424;638349663;638349666;
469533424;638349666;638349665;
469533424;638349665;638349664;
469533424;638349664;638349663;
469533424;638349663;638349659;
469533424;638349659;638349662;
469533424;638349662;638349661;
469533424;638349661;638349660;
469533424;638349660;638349659;
469533424;638349659;638349655;
469533424;638349655;638349658;
469533424;638349658;638349657;
469533424;638349657;638349656;
469533424;638349656;638349655;
469533424;638349655;638349651;
469533424;638349651;638349654;
469533424;638349654;638349653;
469533424;638349653;638349652;
469533424;638349652;638349651;
469533424;638349651;638349647;
469533424;638349647;638349650;
469533424;638349650;638349649;
469533424;638349649;638349648;
469533424;638349648;638349647;
469533424;638349647;638349643;
469533424;638349643;638349646;
469533424;638349646;638349645;
469533424;638349645;638349644;
469533424;638349644;638349643;
469533424;638349643;638349640;
469533424;638349640;638349642;
469533424;638349642;638349644;
469533424;638349644;638349648;
469533424;638349648;638349652;
469533424;638349652;638349656;
469533424;638349656;638349660;
469533424;638349660;638349664;
469533424;638349664;638349668;
469533424;638349668;638349670;
469533424;638349670;638349666;
469533424;638349666;638349662;
469533424;638349662;638349658;
469533424;638349658;638349654;
469533424;638349654;638349650;
469533424;638349650;638349646;
469533424;638349646;638349639;
469533424;638349639;638349640;
469533424;638349640;638349643;
469533424;638349643;638349647;
469533424;638349647;638349651;
469533424;638349651;638349655;
469533424;638349655;638349659;
469533424;638349659;638349663;
469533424;638349663;638349667;
469533424;638349667;638349669;
469533424;638349669;638349665;
469533424;638349665;638349661;
469533424;638349661;638349657;
469533424;638349657;638349653;
469533424;638349653;638349649;
469533424;638349649;638349645;
469533424;638349645;638349641;
469533424;638349641;638349642;
477290536;851243940;163690676;
477290536;163690676;441805505;
477290537;443813166;706684606;
477290544;706684630;706684633;
477290544;706684633;706684636;
477290544;706684636;706684631;
477290544;706684631;706684632;
477290545;706684633;706684634;
477290545;706684634;706684635;
477290545;706684635;706684636;